1	8.0000000000	10.0000000000	10.0000000000	8.0000000000	80.0000000000	-1.0000000000	0.1000000000	0.5000000000
2	24.0000000000	30.0000000000	40.0000000000	14.0000000000	35.0000000000	-2.5000000000	0.0625000000	0.2500000000
3	72.0000000000	90.0000000000	130.0000000000	32.0000000000	24.6153846154	-4.7500000000	0.0365384615	0.1250000000
4	216.0000000000	270.0000000000	400.0000000000	86.0000000000	21.5000000000	-8.1250000000	0.0203125000	0.0625000000
5	648.0000000000	810.0000000000	1210.0000000000	248.0000000000	20.4958677686	-13.1875000000	0.0108987603	0.0312500000
6	1944.0000000000	2430.0000000000	3640.0000000000	734.0000000000	20.1648351648	-20.7812500000	0.0057091346	0.0156250000
7	5832.0000000000	7290.0000000000	10930.0000000000	2192.0000000000	20.0548947850	-32.1718750000	0.0029434469	0.0078125000
8	17496.0000000000	21870.0000000000	32800.0000000000	6566.0000000000	20.0182926829	-49.2578125000	0.0015017626	0.0039062500
9	52488.0000000000	65610.0000000000	98410.0000000000	19688.0000000000	20.0060969414	-74.8867187500	0.0007609666	0.0019531250
10	157464.0000000000	196830.0000000000	295240.0000000000	59054.0000000000	20.0020322450	-113.3300781250	0.0003838575	0.0009765625
11	472392.0000000000	590490.0000000000	885730.0000000000	177152.0000000000	20.0006774073	-170.9951171875	0.0001930556	0.0004882812
12	1417176.0000000000	1771470.0000000000	2657200.0000000000	531446.0000000000	20.0002258016	-257.4926757812	0.0000969038	0.0002441406
13	4251528.0000000000	5314410.0000000000	7971610.0000000000	1594328.0000000000	20.0000752671	-387.2390136719	0.0000485773	0.0001220703
14	12754584.0000000000	15943230.0000000000	23914840.0000000000	4782974.0000000000	20.0000250890	-581.8585205078	0.0000243304	0.0000610352
15	38263752.0000000000	47829690.0000000000	71744530.0000000000	14348912.0000000000	20.0000083630	-873.7877807617	0.0000121792	0.0000305176
16	114791256.0000000000	143489070.0000000000	215233600.0000000000	43046726.0000000000	20.0000027877	-1311.6816711426	0.0000060942	0.0000152588
17	344373768.0000000000	430467210.0000000000	645700810.0000000000	129140168.0000000000	20.0000009292	-1968.5225067139	0.0000030487	0.0000076294
18	1033121304.0000000000	1291401630.0000000000	1937102440.0000000000	387420494.0000000000	20.0000003097	-2953.7837600708	0.0000015248	0.0000038147
19	3099363912.0000000000	3874204890.0000000000	5811307330.0000000000	1162261472.0000000000	20.0000001032	-4431.6756401062	0.0000007626	0.0000019073
